{
  "ids": [
    "5O3L",
    "5O3T",
    "6NWP",
    "6NWQ",
    "6GX5",
    "6TJO",
    "7P65",
    "7P6D",
    "7P66",
    "7P6A"
  ],
  "labels": [
    "AD_PHF_5O3L",
    "AD_SF_5O3T",
    "CTE_I_6NWP",
    "CTE_II_6NWQ",
    "PiD_6GX5",
    "CBD_6TJO",
    "PSP_7P65",
    "AGD_7P6D",
    "GGT_7P66",
    "GPT_7P6A"
  ],
  "rmsd_matrix": [
    [
      0.0,
      1.4209591809189228,
      7.280745900255108,
      7.409393949064572,
      33.21765444175693,
      24.904919382349345,
      27.19122426742417,
      25.25688545931705,
      25.39540802137292,
      25.156283941438296
    ],
    [
      1.4209591809189228,
      0.0,
      6.4142882312701275,
      6.5508419602079355,
      33.23171547619954,
      24.731973756498867,
      27.396682466153685,
      25.077388645328725,
      25.606997459225383,
      25.359011990763143
    ],
    [
      7.280745900255108,
      6.4142882312701275,
      0.0,
      0.45577042881165203,
      34.09836035223858,
      24.130324401366796,
      28.19646366739564,
      24.785607165198556,
      26.54175803533725,
      26.223551836830485
    ],
    [
      7.409393949064572,
      6.5508419602079355,
      0.45577042881165203,
      0.0,
      34.11412771586416,
      24.22767353117843,
      28.253641104492424,
      24.874207255256675,
      26.58849281831705,
      26.283052409665622
    ],
    [
      33.21765444175693,
      33.23171547619954,
      34.09836035223858,
      34.11412771586416,
      0.0,
      22.99768876754146,
      18.09173672714693,
      22.03437771730121,
      16.0109567691359,
      15.779352231298004
    ],
    [
      24.904919382349345,
      24.731973756498867,
      24.130324401366796,
      24.22767353117843,
      22.99768876754146,
      0.0,
      16.772238919808572,
      3.8062951824363846,
      21.270832968933046,
      20.229330099297297
    ],
    [
      27.19122426742417,
      27.396682466153685,
      28.19646366739564,
      28.253641104492424,
      18.09173672714693,
      16.772238919808572,
      0.0,
      15.565849166760373,
      9.802454844235632,
      10.428449753371158
    ],
    [
      25.25688545931705,
      25.077388645328725,
      24.785607165198556,
      24.874207255256675,
      22.03437771730121,
      3.8062951824363846,
      15.565849166760373,
      0.0,
      20.47330922456341,
      19.949249017696598
    ],
    [
      25.39540802137292,
      25.606997459225383,
      26.54175803533725,
      26.58849281831705,
      16.0109567691359,
      21.270832968933046,
      9.802454844235632,
      20.47330922456341,
      0.0,
      4.675547674070698
    ],
    [
      25.156283941438296,
      25.359011990763143,
      26.223551836830485,
      26.283052409665622,
      15.779352231298004,
      20.229330099297297,
      10.428449753371158,
      19.949249017696598,
      4.675547674070698,
      0.0
    ]
  ],
  "common_core_range": [
    306,
    378
  ],
  "n_shared_residues": 73,
  "dendrogram": {
    "linkage_matrix": [
      [
        2.0,
        3.0,
        0.45577042881165203,
        2.0
      ],
      [
        0.0,
        1.0,
        1.4209591809189228,
        2.0
      ],
      [
        5.0,
        7.0,
        3.8062951824363846,
        2.0
      ],
      [
        8.0,
        9.0,
        4.675547674070698,
        2.0
      ],
      [
        10.0,
        11.0,
        6.913817510199436,
        4.0
      ],
      [
        6.0,
        13.0,
        10.115452298803394,
        3.0
      ],
      [
        4.0,
        15.0,
        16.627348575860278,
        4.0
      ],
      [
        12.0,
        16.0,
        19.911609485237747,
        6.0
      ],
      [
        14.0,
        17.0,
        27.11847523337374,
        10.0
      ]
    ],
    "labels": [
      "AD_PHF_5O3L",
      "AD_SF_5O3T",
      "CTE_I_6NWP",
      "CTE_II_6NWQ",
      "PiD_6GX5",
      "CBD_6TJO",
      "PSP_7P65",
      "AGD_7P6D",
      "GGT_7P66",
      "GPT_7P6A"
    ],
    "method": "average"
  }
}